1 24.62595
2 23.754681
3 22.49963
4 22.066269
5 21.310268
6 21.424477
7 21.301683
8 21.144978
9 21.957514
10 22.003172
11 22.554617
12 22.468237
13 21.853775
14 22.152945
15 22.262028
16 21.93894
17 22.270823
18 22.733107
19 23.729588
20 24.4993
21 25.591024
22 26.693445
23 28.060423
24 28.634127
25 27.925957
26 26.431374
27 25.38986
28 24.044266
29 23.233713
30 22.684881
31 22.578928
32 22.743898
33 23.397036
34 23.663721
35 23.874441
36 23.52104
37 24.016659
38 24.659863
39 26.021738
40 27.238197
41 28.085098
42 27.037338
43 28.265753
44 29.75013
45 30.495939
46 31.44672
47 32.864033
48 33.130836
49 32.165688
50 33.665455
51 33.489189
52 33.175014
53 33.255753
54 31.269943
55 32.038776
56 32.620026
57 30.991983
58 30.133308
59 30.940237
60 30.450186
61 28.67527
62 27.719084
63 26.233995
64 26.116659
65 26.712749
66 25.603933
67 24.751059
68 23.817326
69 23.322773
70 22.668718
71 22.859201
72 22.996759
73 22.929253
74 23.21583
75 23.331087
76 23.909216
77 24.510149
78 25.033417
79 25.896233
80 26.044445
81 27.070028
82 27.875107
83 27.834074
84 28.861111
85 27.858282
86 26.302746
87 26.116846
88 25.36587
89 24.800117
90 24.602577
91 23.830236
92 23.990511
93 23.397661
94 23.185709
95 22.555752
96 22.771145
97 22.199017
98 22.326605
99 22.526508
100 23.155264
101 23.032763
102 23.619883
103 24.173994
104 24.497789
105 25.122458
106 24.838083
107 25.740749
108 25.590679
109 24.4865
110 23.468746
111 22.810534
112 22.4235
113 22.176113
114 22.618294
115 22.50189
116 23.287104
117 23.643003
118 24.753309
119 24.695707
120 23.156305
121 23.374746
122 22.964643
123 23.504417
124 23.300697
125 22.317936
126 22.688189
127 22.421631
128 23.153084
129 23.432318
130 24.366638
131 25.815439
132 27.078882
133 28.117821
134 27.064995
135 26.481142
136 25.068821
137 25.50766
138 25.545906
139 25.558577
140 25.793055
141 26.740036
142 27.285849
143 25.952765
144 25.283274
145 25.449203
146 24.275555
147 23.55624
148 22.957417
149 22.768785
150 22.288193
151 21.966921
152 22.121611
153 22.814405
154 22.944946
155 22.859526
156 22.904079
157 22.401531
158 22.723545
159 22.909647
160 23.596893
161 23.901575
162 24.172771
163 24.757715
164 26.144775
165 27.186275
166 28.081318
167 29.413729
168 30.836832
169 30.412729
170 28.926929
171 27.348753
172 26.421072
173 26.586393
174 26.046587
175 25.930737
176 25.197916
177 24.784672
178 26.060968
179 26.522516
180 27.614403
181 27.79937
182 27.246216
183 28.734221
184 30.646946
185 29.953232
186 30.150696
187 29.462021
188 30.988092
189 31.762861
190 33.4963
191 33.767292
192 32.280792
193 32.275997
194 30.738144
195 31.086288
196 30.446312
197 28.496454
198 27.993942
199 26.436909
200 25.118498
201 25.049345
202 23.951904
203 23.152304
204 23.549152
205 23.109938
206 21.969711
207 21.978989
208 22.227026
209 21.462868
210 21.103666
211 21.680521
212 21.273252
213 20.968147
214 21.601934
215 21.687006
216 22.15377
217 22.046135
218 23.139847
219 23.539183
220 22.979773
221 23.927374
222 24.199032
223 25.410671
224 26.691483
225 27.552057
226 28.43829
227 28.113878
228 30.40801
229 30.34374
230 28.48068
231 29.18923
232 31.094402
233 29.937782
234 28.766685
235 30.398327
236 31.585064
237 30.169209
238 29.566423
239 27.816011
240 27.357912
241 27.952148
242 26.761013
243 27.204887
244 27.018423
245 26.127651
246 24.731192
247 24.710279
248 24.661381
249 23.382967
250 22.894375
251 23.334082
252 22.678492
253 21.817015
254 22.293787
255 22.574322
256 21.830921
257 21.450268
258 21.995478
259 22.391384
260 23.361391
261 23.891794
262 25.194515
263 24.121937
264 23.577705
265 25.04982
266 25.588722
267 24.65406
268 25.107492
269 26.837551
270 26.887877
271 26.440037
272 27.627258
273 29.215036
274 28.971901
275 28.258926
276 26.660275
277 27.935366
278 28.004999
279 26.290268
280 25.256895
281 23.88821
282 23.319834
283 24.752342
284 24.986826
285 26.348272
286 25.680918
287 24.674107
288 24.039124
289 23.761339
290 22.902264
291 21.877056
292 21.984198
293 21.829132
294 21.555439
295 21.092632
296 20.974609
297 21.153584
298 20.87142
299 20.748863
300 20.639441
301 21.534981
302 21.631535
303 21.594183
304 22.081903
305 22.975206
306 24.328012
&
